
        Asym: 0.4077599999998347
        Conductor: 0.5011600000002363
        Both: 0.4268799999995099
        