
        Asym: 0.44689900000007765
        Conductor: 0.4359370000000636
        Both: 14.457893999999913
        