
        Asym: 0.43118499999982307
        Conductor: 0.3398199999999633
        Both: 0.5876850000001287
        