
      Asym: 719.6663102140036
      Conductor: 774.5814156400114
      Both: 675.5280682520029
    