
      Asym: 832.7076959700045
      Conductor: 652.3775040999614
      Both: 723.9926260400098
    