
      Asym: 641.1265200798958
      Conductor: 508.5571597600356
      Both: 855.0016958400234
    